object Form1: TForm1
  Width = 170
  Height = 90
  object WebLabel1: TWebLabel
    Left = 48
    Top = 8
    Width = 60
    Height = 13
    Caption = 'Parameter A'
    HeightPercent = 100.000000000000000000
    WidthPercent = 100.000000000000000000
  end
  object WebLabel2: TWebLabel
    Left = 8
    Top = 66
    Width = 6
    Height = 13
    Caption = '0'
    HeightPercent = 100.000000000000000000
    WidthPercent = 100.000000000000000000
  end
  object WebLabel3: TWebLabel
    Left = 146
    Top = 66
    Width = 12
    Height = 13
    Caption = '10'
    HeightPercent = 100.000000000000000000
    WidthPercent = 100.000000000000000000
  end
  object WebTrackBar1: TWebTrackBar
    Left = 8
    Top = 40
    Width = 150
    Height = 20
    HeightPercent = 100.000000000000000000
    WidthPercent = 100.000000000000000000
    Max = 10
    Min = 0
    Position = 0
    Role = ''
  end
end
