object Frame1: TFrame1
  Left = 0
  Top = 0
  Width = 156
  Height = 219
  Color = clWhite
  ParentBackground = False
  ParentColor = False
  TabOrder = 0
  object WebButton1: TWebButton
    Left = 13
    Top = 26
    Width = 96
    Height = 25
    Caption = 'WebButton1'
    HeightPercent = 100.000000000000000000
    WidthPercent = 100.000000000000000000
  end
  object WebEdit1: TWebEdit
    Left = 13
    Top = 69
    Width = 121
    Height = 22
    ChildOrder = 1
    HeightPercent = 100.000000000000000000
    Text = 'WebEdit1'
    WidthPercent = 100.000000000000000000
  end
end
